100
4
10 5 15 5
2
100 100
8
81 81 81 81 81 81 81 0
6
23 90 40 0 100 9
2
0 0
10
100 0 100 0 100 0 100 0 100 0
10
100 100 100 100 100 100 100 100 100 0
5
69 79 13 50 94
6
53 52 73 10 19 40
7
76 4 96 51 10 18 5
8
24 53 36 0 49 97 13 28
9
30 17 47 2 21 19 28 30 87
10
28 90 56 71 39 43 39 46 59 94
10
33 56 46 37 48 55 86 27 82 82
10
5 62 91 69 20 32 38 26 63 10
10
21 11 64 43 67 3 86 89 59 89
10
99 45 28 29 11 11 55 52 93 19
10
55 18 72 6 21 84 46 55 8 24
10
19 63 8 44 1 58 85 37 33 14
10
93 98 34 54 21 40 6 35 88 8
10
70 24 91 77 25 5 66 80 46 16
10
87 55 51 23 70 68 40 82 34 78
10
56 25 42 86 12 47 10 2 9 72
10
14 44 3 90 36 90 84 73 8 79
10
33 29 80 7 44 67 77 36 3 9
10
3 89 97 73 34 73 36 57 32 12
10
32 20 15 19 65 18 25 65 46 97
10
27 71 9 76 2 30 8 54 49 44
10
74 26 3 64 77 77 97 71 87 5
10
35 86 94 71 41 73 37 2 94 77
10
59 22 32 1 66 25 90 95 28 14
10
72 47 29 60 78 43 39 9 20 44
10
4 71 57 89 90 94 28 55 79 86
10
28 78 10 52 63 40 74 6 79 2
10
21 55 31 7 52 27 99 92 97 41
10
79 37 4 30 32 43 86 61 6 15
10
38 53 32 53 0 74 72 30 99 81
10
90 99 77 2 96 26 20 18 69 61
10
14 62 96 27 54 86 17 38 91 0
10
46 37 78 14 1 78 47 85 60 51
10
83 42 4 34 68 73 66 8 25 30
10
12 95 16 6 1 94 56 24 19 3
10
18 16 39 9 97 19 76 26 62 73
10
93 5 64 91 38 67 15 80 49 94
10
98 10 18 63 72 85 16 1 7 96
10
25 29 20 25 15 26 64 28 37 96
10
22 91 37 65 20 52 95 15 99 92
10
50 26 3 43 50 14 54 2 86 18
10
39 98 86 39 41 57 50 47 15 9
10
26 21 13 18 94 62 53 67 72 15
10
15 82 77 55 21 73 17 92 35 94
10
45 79 32 96 9 64 83 70 15 27
10
37 99 70 57 33 88 89 46 53 92
10
81 86 93 37 65 0 68 96 93 16
10
26 12 43 82 83 30 44 81 37 6
10
88 54 78 55 32 7 86 87 58 32
10
16 1 14 58 85 96 65 80 22 35
10
25 63 98 98 72 47 73 95 56 81
10
34 90 69 70 2 59 30 4 41 91
10
41 94 65 89 19 90 96 40 45 88
10
58 19 57 16 7 50 81 82 26 64
10
41 46 23 72 41 57 33 25 34 43
10
85 7 14 41 40 48 1 18 85 30
10
91 57 67 23 75 11 16 39 90 57
10
69 30 39 40 96 37 64 58 44 85
10
70 21 43 74 0 86 44 69 72 41
10
10 11 71 77 53 51 72 79 74 85
10
70 58 40 80 60 69 37 52 88 8
10
43 25 5 80 26 26 92 75 43 60
10
77 98 72 97 81 41 3 3 72 1
10
88 34 66 70 9 12 42 48 37 73
10
57 54 31 99 11 68 28 0 16 33
10
48 62 70 44 10 2 13 96 69 72
10
51 76 92 14 90 97 12 6 8 94
10
4 47 99 88 5 85 77 55 28 45
10
23 7 50 29 25 49 49 62 21 67
10
42 34 64 13 10 73 59 45 8 81
10
48 84 26 71 34 23 27 28 44 89
10
50 57 30 43 86 93 72 80 80 92
10
67 16 37 74 37 56 71 78 87 23
10
0 26 32 39 21 82 97 88 24 11
10
73 19 74 92 93 90 51 70 38 47
10
57 60 27 29 36 65 33 40 32 81
10
74 71 79 27 3 23 30 99 41 21
10
71 59 78 61 88 7 30 58 76 53
10
3 0 49 64 27 72 79 57 49 27
10
30 76 65 30 52 98 54 4 11 64
10
59 10 59 36 37 56 65 87 74 91
10
58 28 94 1 52 24 69 15 84 36
10
42 11 21 82 31 54 47 28 35 47
10
89 78 56 81 59 62 0 87 34 1
10
92 9 34 59 26 19 55 20 84 93
10
18 74 81 62 82 15 18 56 10 1
10
11 14 35 39 18 2 15 33 29 34
10
31 37 25 44 17 71 35 82 24 69
10
12 92 87 95 69 54 22 6 16 96
10
5 28 3 63 60 31 13 20 95 87
10
56 24 76 61 65 65 51 0 63 72
10
3 86 99 78 72 53 12 26 82 25
10
80 22 72 18 0 61 96 56 91 91
