100
1
19
23
201
900001
91
11110
999999
102
990001
12
11111
99000
10100
1100
1998
64
12000
10000
2201
100
998999
12001
101
999989
999899
999998
7777
900000
1110
999991
123456
10999
990000
101001
1000
10001
11011
11010
10011
2000
999
1999
1111
2001
900
19
2200
901
101000
11001
999900
1001
432109
999000
7
678901
1099
90
21
11100
2002
999990
9999
99
111
876543
999901
9
199
1000000
100001
200
10111
30
99001
10110
11101
10
1101
2100
110
32
2101
100000
22
20
11
989999
131072
10101
77777
31
11000
654321
29
899999
999001
1024
10010
