1000
16 48 34
16 54 82
55 99 81
93 40 71
91 83 54
97 44 60
84 90 42
100 37 76
11 45 47
19 32 69
43 19 26
24 57 9
77 89 75
78 56 13
32 15 55
21 53 4
71 83 38
19 77 72
4 64 60
5 100 52
6 53 79
97 88 98
72 84 72
59 22 76
48 69 67
18 69 54
27 81 7
74 32 14
91 77 63
52 72 19
16 10 4
28 81 52
11 10 80
98 31 67
16 58 42
2 47 93
14 84 31
50 22 62
67 43 20
1 73 59
1 23 28
60 81 83
23 70 19
11 60 98
24 89 95
40 31 94
82 98 10
5 92 68
59 89 41
18 61 15
5 47 66
33 69 55
51 22 21
90 58 66
32 10 75
0 92 67
85 71 33
30 83 16
79 100 64
33 61 4
33 35 34
18 95 60
75 53 41
64 76 28
64 70 73
37 73 10
31 90 6
91 86 32
90 63 36
73 94 45
57 75 37
6 54 76
6 26 84
42 91 58
82 42 37
62 87 92
85 9 98
29 75 87
41 26 27
46 18 82
98 4 46
91 54 60
8 59 6
50 27 13
2 64 93
81 88 84
31 47 82
79 6 30
65 34 26
93 62 88
35 87 31
96 31 25
36 54 38
50 82 26
52 29 5
29 36 86
100 6 31
4 99 54
82 94 57
35 73 75
12 9 17
12 24 3
54 70 59
100 68 14
61 56 2
59 75 48
34 16 89
28 16 5
32 71 93
74 29 63
86 22 44
63 43 23
20 62 88
74 3 72
97 44 64
17 31 57
78 92 39
82 79 96
17 6 40
61 95 87
78 12 26
91 24 30
22 42 25
15 14 85
48 100 7
53 46 81
20 46 39
94 73 33
56 56 52
73 6 68
52 39 2
40 32 40
46 74 16
27 23 13
44 31 91
74 35 91
68 45 5
72 9 77
57 98 14
98 38 32
67 83 21
66 15 25
46 100 56
10 36 76
77 65 16
71 76 48
41 98 74
1 42 57
4 57 29
60 38 13
84 79 48
53 85 73
0 39 48
24 81 77
62 17 11
59 82 94
40 5 31
57 92 78
17 8 18
28 89 30
89 42 1
68 82 88
75 91 13
78 13 34
76 77 73
36 61 83
82 55 91
100 61 33
87 57 12
53 89 74
16 58 27
52 60 75
38 27 52
17 32 44
35 97 48
34 27 91
66 69 9
98 23 27
84 93 54
97 70 4
81 13 32
84 30 23
97 24 78
56 48 75
13 99 9
58 12 24
53 48 96
36 65 62
3 40 45
73 66 59
13 28 46
18 13 17
49 97 30
15 90 92
100 1 1
75 37 68
94 13 95
50 69 97
2 96 76
23 7 3
38 55 3
80 46 30
5 47 9
17 69 21
36 67 58
83 45 78
8 64 34
59 60 85
66 96 69
0 57 27
75 36 52
17 26 74
94 53 82
77 23 24
81 4 75
13 47 81
52 68 7
75 79 54
37 21 1
42 67 86
1 81 66
99 92 73
42 93 80
21 89 97
99 10 38
41 32 82
28 53 36
76 10 62
68 94 26
4 99 34
57 26 71
90 93 62
85 33 65
14 58 26
73 60 73
61 34 14
93 79 38
21 17 22
65 89 98
11 78 3
75 2 67
91 74 34
57 27 68
58 18 38
27 61 19
69 18 21
15 19 12
54 86 32
23 8 13
96 28 17
66 22 24
55 55 17
37 92 57
69 62 92
99 77 4
45 24 7
19 67 40
34 59 57
70 87 37
84 79 77
65 46 89
8 13 21
11 97 8
53 76 77
74 13 7
38 8 35
15 74 4
0 55 55
100 91 95
25 43 87
23 79 47
89 86 90
90 69 60
91 96 80
25 55 35
57 59 38
16 15 64
100 54 94
29 23 13
92 40 17
45 54 78
54 99 95
46 38 10
81 58 33
93 21 57
10 5 43
26 4 85
44 68 69
49 42 78
55 37 9
17 43 82
2 59 23
60 86 100
47 85 3
31 57 62
13 42 34
53 5 47
31 9 91
1 28 70
67 68 52
90 14 81
14 89 2
46 60 87
5 85 97
27 63 72
54 98 4
42 33 8
9 67 78
2 36 39
79 4 33
87 22 56
69 11 77
38 91 22
36 4 21
91 59 33
97 69 86
58 99 46
78 23 25
69 44 38
32 81 7
10 72 100
44 62 13
66 17 16
41 87 80
94 6 97
46 26 68
62 46 1
87 93 35
64 16 62
66 96 69
55 71 46
84 71 12
35 62 33
44 4 23
69 39 59
92 10 71
1 55 20
90 48 65
52 44 12
2 94 46
31 9 97
25 12 74
67 60 99
77 83 58
7 25 48
51 72 5
75 52 73
70 16 5
87 37 36
32 43 54
66 68 37
19 59 93
33 56 65
31 15 100
38 15 17
100 66 13
67 56 15
91 61 19
58 91 89
91 65 22
42 65 78
32 68 96
7 55 65
47 12 95
20 24 95
37 24 17
95 24 55
19 87 86
97 81 53
11 83 30
23 21 97
24 26 19
55 94 1
83 12 56
35 68 35
98 41 60
82 24 95
36 93 63
22 75 38
37 26 33
13 17 1
34 72 75
22 89 58
60 24 94
28 75 45
49 22 17
51 16 84
28 44 77
11 32 65
92 3 36
41 48 10
55 84 13
6 97 77
31 37 19
58 63 62
87 66 72
46 13 17
10 33 21
72 73 82
100 31 47
73 81 87
85 68 41
10 38 38
68 13 87
88 45 37
79 6 20
12 39 71
30 41 28
44 60 67
56 35 42
84 69 3
19 57 99
4 8 40
44 26 6
88 55 34
44 33 42
67 23 25
79 91 11
98 96 13
19 95 1
13 46 10
57 61 15
33 55 85
75 12 4
94 75 65
61 89 91
38 18 100
38 86 11
52 33 14
96 46 9
12 55 55
21 61 42
77 97 48
45 3 87
55 77 36
6 74 32
56 83 72
22 14 70
15 28 37
84 53 47
4 95 82
30 94 18
48 86 21
97 40 88
37 2 41
75 69 6
83 21 71
73 81 29
24 84 57
0 27 62
16 86 46
85 96 27
15 72 4
67 54 42
1 69 27
38 92 85
99 60 89
49 79 11
100 64 45
24 24 77
94 30 1
60 81 24
30 86 56
76 58 19
8 78 93
19 23 85
64 96 55
55 71 19
53 92 12
75 68 11
44 88 41
100 55 38
83 77 15
65 18 82
16 5 23
84 18 41
95 61 13
59 78 24
82 32 14
67 45 63
91 88 3
14 78 60
78 28 15
83 98 82
41 5 75
38 87 35
7 33 36
75 18 61
86 7 52
98 39 27
70 42 40
85 70 9
71 28 11
55 3 20
86 82 81
73 5 80
24 66 29
97 58 73
100 90 10
42 93 63
59 83 100
40 9 35
16 74 2
28 58 46
0 44 99
96 23 25
27 65 77
82 20 52
56 91 37
90 77 46
100 60 84
84 38 75
18 75 8
9 100 8
87 12 14
5 74 9
83 62 4
42 13 34
95 11 94
25 76 48
74 98 45
6 68 91
82 47 46
30 5 25
77 89 85
85 67 94
47 1 94
78 53 78
34 38 11
37 29 63
12 85 59
77 46 98
35 99 22
38 73 58
27 97 67
34 26 6
63 39 40
80 78 67
28 95 81
52 58 41
43 30 26
20 73 91
52 36 12
53 6 61
37 87 64
35 55 63
0 71 40
66 98 21
9 72 95
92 55 47
74 77 38
92 31 9
70 29 55
69 3 81
47 2 34
67 94 53
98 22 42
68 47 78
35 57 4
83 88 33
45 19 56
81 79 13
81 53 85
34 78 21
75 23 60
56 6 32
55 47 53
45 39 5
29 72 80
33 58 9
63 97 5
10 22 75
66 90 100
12 71 89
48 21 33
23 60 91
0 32 79
44 7 12
96 46 59
6 33 77
94 30 67
19 32 19
93 91 57
76 82 99
39 68 98
58 36 22
67 77 35
85 16 71
4 64 27
83 25 47
39 43 22
60 4 61
17 24 45
74 35 78
62 24 38
79 31 94
49 32 95
89 99 82
63 90 6
100 91 42
81 30 41
93 62 100
36 86 34
11 92 53
80 70 89
59 43 87
93 92 92
51 65 58
96 23 79
0 53 42
85 74 65
98 87 25
75 93 5
85 12 5
74 9 58
99 61 22
17 89 70
57 71 100
87 20 40
97 87 65
46 13 25
9 70 2
80 65 25
62 57 13
85 2 99
79 46 84
54 7 5
36 17 39
57 87 8
2 21 41
56 80 4
3 22 39
28 9 52
79 48 79
82 87 30
88 98 52
47 8 15
50 22 39
88 58 41
30 57 67
10 33 56
74 76 22
75 96 31
28 96 15
19 54 59
41 85 26
71 8 8
17 53 33
67 95 83
20 71 63
97 82 93
57 53 73
95 92 84
66 92 12
70 59 36
7 62 58
49 60 88
19 25 7
53 48 15
92 82 14
90 47 68
100 9 27
1 23 57
48 16 37
7 54 41
70 70 72
35 9 73
79 48 76
29 94 95
59 8 29
16 20 13
86 92 88
90 22 23
48 64 69
8 61 41
45 12 15
35 22 38
81 40 43
53 28 74
10 28 72
0 30 70
53 86 23
15 29 66
33 60 68
14 63 94
31 83 25
54 73 68
0 20 25
16 35 59
42 35 78
70 91 100
10 22 55
34 67 6
35 71 80
33 70 76
99 8 69
75 71 84
87 28 17
34 10 100
8 67 44
20 11 46
96 74 56
35 8 16
10 67 92
80 60 28
65 88 97
35 29 87
54 84 33
26 63 84
4 90 64
15 81 30
41 54 55
52 71 98
34 66 96
88 17 100
81 64 70
21 66 14
97 96 54
40 29 19
34 64 3
29 25 59
51 57 31
14 33 90
42 12 84
80 32 67
76 27 10
74 24 4
89 11 13
55 82 52
13 55 55
55 94 47
81 38 43
72 36 27
77 67 94
36 32 85
87 78 17
82 47 30
34 78 66
28 1 34
54 69 77
38 13 25
21 94 36
48 59 23
30 29 57
52 69 42
19 38 41
85 93 63
13 69 20
18 75 3
67 43 16
12 33 57
73 44 1
61 38 36
27 86 68
84 32 46
66 25 14
46 4 73
84 48 1
19 15 33
75 28 25
30 15 68
83 27 46
37 33 85
26 92 27
91 47 20
81 69 83
77 21 90
7 29 92
14 60 30
6 36 66
61 29 41
16 81 80
13 82 4
17 75 28
10 86 69
13 66 1
89 80 24
2 48 25
63 53 74
33 20 79
28 13 37
34 92 25
100 98 41
57 48 78
67 5 11
18 22 25
99 58 92
33 29 79
77 76 20
10 87 38
51 7 31
82 35 76
22 20 89
9 3 8
23 24 41
65 77 35
38 13 28
32 77 66
13 94 70
13 62 100
83 81 21
84 95 42
52 27 39
71 81 41
52 79 95
100 39 9
6 37 12
95 62 96
52 22 97
3 75 98
18 57 73
96 55 72
3 89 85
11 5 82
49 34 10
40 47 81
84 26 67
16 93 89
18 82 44
47 88 38
70 44 46
51 9 46
10 9 17
7 95 21
46 60 37
4 47 5
17 63 22
17 46 54
5 5 86
81 45 30
31 80 31
16 86 48
84 24 17
61 85 22
56 87 92
33 36 11
43 44 59
52 96 17
92 100 81
89 74 71
70 93 6
74 83 52
14 65 87
61 71 58
55 93 15
34 44 71
95 44 79
10 37 85
3 53 40
47 66 45
13 35 36
76 23 47
23 89 93
81 14 29
7 68 97
76 7 28
87 70 20
55 36 81
35 35 60
38 31 43
1 45 6
34 85 73
37 56 98
83 15 78
76 5 76
7 55 85
20 39 43
20 60 75
67 3 26
68 55 29
52 68 11
23 3 100
5 4 81
19 8 1
98 100 65
25 25 97
93 6 84
60 29 94
3 96 47
55 48 15
28 95 98
47 71 80
68 88 5
93 73 82
29 81 85
98 55 70
2 35 88
69 77 100
12 65 66
63 5 13
49 43 41
99 13 4
53 100 79
5 97 10
36 12 28
23 5 33
86 98 75
15 87 67
48 77 79
56 43 8
45 94 28
89 48 41
84 63 8
94 30 5
6 27 73
44 27 57
25 61 69
6 90 7
34 15 71
68 6 13
2 57 53
76 70 22
25 74 22
88 56 9
0 2 42
81 38 96
86 25 64
3 38 18
9 10 84
5 42 25
19 41 36
41 67 73
23 68 11
55 98 32
93 5 46
47 66 68
38 4 1
89 80 48
56 57 34
45 61 96
44 35 57
77 41 62
40 67 34
50 65 61
13 63 44
69 74 98
67 45 84
30 64 33
8 90 85
21 99 3
14 59 83
79 8 72
1 54 73
12 98 95
75 18 15
90 69 64
25 40 82
17 55 29
75 30 25
20 46 23
35 16 42
44 52 32
65 77 76
62 48 83
66 75 25
54 36 40
71 52 15
24 57 38
24 64 84
74 27 60
54 8 62
8 58 1
60 52 78
75 46 17
25 65 34
34 5 87
58 20 9
16 81 32
37 54 52
91 48 60
55 32 37
14 98 61
16 97 9
73 91 41
47 39 84
63 93 100
31 11 66
56 92 59
99 99 99
31 86 25
71 75 25
76 87 22
78 12 41
65 42 19
49 73 97
50 22 86
40 29 7
16 96 54
33 24 78
52 91 16
23 66 83
45 58 33
20 14 88
77 83 32
60 2 68
20 60 5
6 23 99
94 7 87
7 38 80
29 35 24
