100
2 4
10 5
3 12
7 7 7
3 12
4 2 1
5 1000000000
25 25 25 25 25
2 2
1 1
5 5
1 1 1 1 1
5 448257424
1 2 3 4 5
5 915742169
18 7 21 11 25
5 153480124
22 22 22 22 22
5 522446390
1 1 1 1 1
5 582184445
23 23 23 23 23
5 482235923
22 22 22 22 22
5 480026800
15 15 15 15 15
5 904666670
19 19 19 19 19
5 365401671
16 16 16 16 16
5 630882916
21 21 21 21 21
5 994241908
14 14 14 14 14
5 562416098
1 1 1 1 1
5 860754114
9 9 9 9 9
5 957250192
12 12 12 12 12
5 965839647
11 11 11 11 11
5 110119078
5 5 5 5 5
5 754478114
24 24 24 24 24
5 206298688
21 21 21 21 21
5 189735736
22 22 22 22 22
5 916082787
17 17 17 17 17
5 495901124
19 19 19 19 19
5 150085647
1 1 1 1 1
5 593897655
23 23 23 23 23
5 19464246
17 17 17 17 17
5 191841658
10 10 10 10 10
5 238652551
24 24 24 24 24
5 84672784
5 5 5 5 5
5 359846295
1 2 3 4 5
5 520176082
1 2 3 4 5
5 984171352
1 2 3 4 5
5 198397032
1 2 3 4 5
5 523786753
1 2 3 4 5
5 940654396
1 2 3 4 5
5 183373599
1 2 3 4 5
5 101117876
1 2 3 4 5
5 143379506
1 2 3 4 5
5 5609962
1 2 3 4 5
5 253950669
1 2 3 4 5
5 120339484
1 2 3 4 5
5 518935999
1 2 3 4 5
5 102741651
1 2 3 4 5
5 128060694
1 2 3 4 5
5 558327951
1 2 3 4 5
5 807157171
1 2 3 4 5
5 643313364
1 2 3 4 5
5 520998656
1 2 3 4 5
5 721829946
1 2 3 4 5
5 103274684
1 2 3 4 5
5 654053012
1 2 3 4 5
5 773009528
1 2 3 4 5
5 557390843
1 2 3 4 5
5 605072066
1 2 3 4 5
5 426212596
6 16 14 15 2
5 502737678
22 25 11 6 8
5 255601113
18 8 2 16 16
5 340920686
7 2 18 9 11
5 952422914
20 3 5 12 25
5 84474196
8 4 23 11 24
5 155572983
3 15 8 10 18
5 176297765
17 5 18 1 20
5 830526558
5 15 22 21 22
5 21276162
11 20 25 14 6
5 429172232
23 6 12 3 4
5 370946978
16 15 2 3 2
5 912346872
6 10 19 6 12
5 410808712
14 5 13 1 21
5 305104120
22 20 18 22 7
5 410162966
24 24 13 5 24
5 178571130
2 7 10 7 3
5 722837561
14 24 15 13 23
5 61223256
17 3 24 23 18
5 132115665
19 9 2 4 5
5 170273104
21 14 2 9 1
5 60789774
13 21 6 22 11
5 455780988
14 25 6 12 9
5 579427899
21 12 14 19 21
5 962343275
4 18 14 1 23
5 999390992
11 21 10 13 1
5 279405740
11 8 23 22 17
5 380593880
6 8 23 7 19
5 305210081
12 7 6 15 21
5 208374433
14 17 23 3 6
5 235878766
1 16 7 5 11
5 458296022
10 25 10 23 3
5 401641630
12 3 20 8 10
5 144701607
10 21 24 21 23
5 44877479
14 19 6 19 22
5 758207998
14 3 18 8 12
5 518166277
6 10 8 23 1
5 459487315
18 12 2 24 15
5 377751814
25 1 17 15 14
5 768521567
8 7 10 6 16
5 307407413
10 10 8 11 23
5 279184697
20 3 15 15 17
